0 0.30234375 0.671875 0.403125 0.290625
0 0.68515625 0.7875 0.196875 0.3171875
0 0.84453125 0.8046875 0.1578125 0.1453125
0 0.95546875 0.7625 0.0890625 0.184375
0 0.840625 0.6234375 0.1859375 0.15
0 0.88203125 0.5390625 0.2359375 0.215625
0 0.96484375 0.4265625 0.0671875 0.0859375
0 0.9234375 0.33359375 0.1359375 0.1296875
0 0.7703125 0.3828125 0.1359375 0.1
0 0.70390625 0.43671875 0.103125 0.1078125
0 0.61640625 0.5453125 0.175 0.1796875
0 0.60546875 0.4296875 0.0640625 0.0640625
0 0.471875 0.4171875 0.1078125 0.0953125
0 0.24140625 0.4390625 0.1 0.0796875
0 0.190625 0.91328125 0.18125 0.1734375