0 0.31796875 0.68828125 0.421875 0.3203125
0 0.709375 0.7703125 0.2203125 0.328125
0 0.86953125 0.7734375 0.1671875 0.15625
0 0.9625 0.71953125 0.075 0.1921875
0 0.85 0.59296875 0.1953125 0.1640625
0 0.8796875 0.50390625 0.240625 0.2328125
0 0.95703125 0.3859375 0.0734375 0.090625
0 0.9078125 0.296875 0.1453125 0.1390625
0 0.759375 0.36015625 0.1421875 0.1109375
0 0.69765625 0.41953125 0.1109375 0.1140625
0 0.61953125 0.53515625 0.1875 0.1921875
0 0.5984375 0.42109375 0.06875 0.06875
0 0.4640625 0.41953125 0.1140625 0.103125
0 0.23671875 0.46171875 0.10625 0.0875
0 0.228125 0.92265625 0.196875 0.1546875