0 0.3390625 0.70625 0.4390625 0.353125
0 0.73671875 0.746875 0.246875 0.3390625
0 0.89609375 0.73359375 0.1765625 0.1671875
0 0.96875 0.66640625 0.0625 0.1984375
0 0.8578125 0.55546875 0.2046875 0.178125
0 0.875 0.46328125 0.25 0.2515625
0 0.9421875 0.3390625 0.08125 0.0953125
0 0.884375 0.25546875 0.1546875 0.1484375
0 0.74296875 0.33359375 0.1484375 0.121875
0 0.68828125 0.39921875 0.11875 0.121875
0 0.62265625 0.52265625 0.2015625 0.2046875
0 0.58984375 0.4109375 0.0734375 0.0734375
0 0.45625 0.42421875 0.1203125 0.1125
0 0.234375 0.4890625 0.1109375 0.0953125
0 0.278125 0.9328125 0.2125 0.134375