0 0.17734375 0.62890625 0.209375 0.196875
0 0.3453125 0.68828125 0.20625 0.196875
0 0.36640625 0.86328125 0.15 0.146875
0 0.1296875 0.84375 0.1828125 0.1359375
0 0.54296875 0.7984375 0.3140625 0.403125
0 0.79765625 0.9578125 0.1671875 0.084375
0 0.7875 0.66953125 0.128125 0.1609375
0 0.471875 0.41796875 0.1328125 0.1234375
0 0.60625 0.56171875 0.1015625 0.0859375
0 0.6046875 0.48203125 0.134375 0.0875
0 0.70859375 0.46328125 0.11875 0.0859375
0 0.671875 0.35859375 0.0953125 0.0625
0 0.7234375 0.3140625 0.0546875 0.05
0 0.8125 0.3703125 0.096875 0.08125
0 0.62734375 0.28046875 0.090625 0.0609375
0 0.7921875 0.234375 0.11875 0.109375
0 0.15 0.23046875 0.225 0.221875
0 0.575 0.21796875 0.0421875 0.0421875
0 0.6890625 0.19140625 0.0828125 0.0640625