0 0.175 0.6234375 0.2109375 0.1984375
0 0.3421875 0.68515625 0.2078125 0.2
0 0.36015625 0.86015625 0.1515625 0.1484375
0 0.1234375 0.8375 0.184375 0.1390625
0 0.53671875 0.7984375 0.3203125 0.403125
0 0.7890625 0.96015625 0.16875 0.0796875
0 0.78515625 0.67421875 0.13125 0.1625
0 0.4734375 0.4171875 0.1328125 0.125
0 0.60546875 0.56328125 0.1015625 0.0875
0 0.6046875 0.48359375 0.134375 0.0890625
0 0.709375 0.46640625 0.1203125 0.0875
0 0.675 0.36171875 0.0953125 0.0625
0 0.7265625 0.31796875 0.05625 0.05
0 0.8140625 0.37578125 0.0984375 0.08125
0 0.63125 0.2828125 0.090625 0.0625
0 0.796875 0.23984375 0.1203125 0.1109375
0 0.1546875 0.225 0.2265625 0.2234375
0 0.5796875 0.21953125 0.0421875 0.04375
0 0.69453125 0.1953125 0.0828125 0.065625