0 0.2328125 0.721875 0.1828125 0.165625
0 0.4109375 0.7265625 0.178125 0.1671875
0 0.48515625 0.88671875 0.1296875 0.1265625
0 0.25390625 0.94140625 0.16875 0.10625
0 0.63984375 0.79140625 0.2375 0.4140625
0 0.9359375 0.89375 0.128125 0.171875
0 0.82578125 0.571875 0.103125 0.146875
0 0.44765625 0.43046875 0.115625 0.103125
0 0.6203125 0.52578125 0.090625 0.0703125
0 0.59375 0.45078125 0.1265625 0.0640625
0 0.6875 0.4 0.109375 0.0671875
0 0.6203125 0.3125 0.0890625 0.0453125
0 0.65546875 0.25390625 0.0484375 0.0421875
0 0.75703125 0.2796875 0.0875 0.065625
0 0.553125 0.2515625 0.084375 0.0453125
0 0.6953125 0.15703125 0.1046875 0.090625
0 0.08984375 0.35234375 0.1796875 0.1890625
0 0.48359375 0.209375 0.0359375 0.0375
0 0.58515625 0.1484375 0.0765625 0.05