0 0.20625 0.365625 0.2765625 0.24375
0 0.41328125 0.65390625 0.228125 0.2125
0 0.37578125 0.890625 0.2234375 0.21875
0 0.58203125 0.971875 0.1546875 0.05625
0 0.815625 0.934375 0.16875 0.13125
0 0.7484375 0.70234375 0.4546875 0.3359375
0 0.76328125 0.42109375 0.4734375 0.4484375
0 0.9109375 0.2296875 0.134375 0.159375
0 0.9859375 0.25 0.028125 0.146875
0 0.6703125 0.1265625 0.409375 0.253125
0 0.40546875 0.0765625 0.1125 0.0953125
0 0.46484375 0.02734375 0.1015625 0.0546875
0 0.14453125 0.09609375 0.1078125 0.115625
0 0.3390625 0.015625 0.1 0.03125
0 0.29921875 0.14921875 0.1 0.0984375
0 0.1359375 0.56640625 0.1625 0.184375
0 0.1625 0.86484375 0.221875 0.159375
0 0.32265625 0.50625 0.20625 0.209375
0 0.46953125 0.16328125 0.08125 0.103125