0 0.178125 0.475 0.2421875 0.196875
0 0.471875 0.67421875 0.1953125 0.175
0 0.5171875 0.90859375 0.1875 0.1828125
0 0.75 0.9453125 0.140625 0.090625
0 0.9515625 0.8515625 0.096875 0.225
0 0.796875 0.60546875 0.40625 0.2484375
0 0.75546875 0.32421875 0.4875 0.35
0 0.79375 0.10546875 0.10625 0.1421875
0 0.91953125 0.08125 0.1046875 0.128125
0 0.93828125 0.02734375 0.0765625 0.0546875
0 0.528125 0.0875 0.384375 0.175
0 0.26640625 0.134375 0.0984375 0.0765625
0 0.29765625 0.0484375 0.0859375 0.08125
0 0.0359375 0.2421875 0.071875 0.1
0 0.175 0.07734375 0.090625 0.0625
0 0.19140625 0.2390625 0.084375 0.0828125
0 0.18046875 0.6875 0.13125 0.1609375
0 0.05859375 0.90390625 0.0859375 0.1921875
0 0.30625 0.95 0.20625 0.1
0 0.33515625 0.56640625 0.1734375 0.1765625
0 0.35625 0.19375 0.0609375 0.0921875