0 0.17734375 0.50859375 0.259375 0.21875
0 0.48984375 0.6765625 0.2109375 0.1921875
0 0.56015625 0.9015625 0.2046875 0.196875
0 0.7953125 0.91640625 0.146875 0.103125
0 0.96328125 0.8015625 0.0734375 0.234375
0 0.796875 0.5734375 0.40625 0.2875
0 0.73515625 0.2984375 0.5171875 0.3953125
0 0.75078125 0.0765625 0.11875 0.15
0 0.87265625 0.05390625 0.1171875 0.1078125
0 0.48515625 0.096875 0.3984375 0.19375
0 0.2296875 0.1609375 0.1046875 0.084375
0 0.2515625 0.071875 0.09375 0.0890625
0 0.0265625 0.29296875 0.053125 0.1078125
0 0.1328125 0.11328125 0.0953125 0.0703125
0 0.165625 0.27265625 0.0921875 0.090625
0 0.2015625 0.71953125 0.1453125 0.1734375
0 0.1046875 0.92421875 0.10625 0.1515625
0 0.35546875 0.95390625 0.2140625 0.0921875
0 0.34296875 0.58359375 0.1890625 0.1921875
0 0.325 0.21015625 0.0703125 0.0984375