0 0.60703125 0.8546875 0.0984375 0.1453125
0 0.7125 0.84140625 0.1578125 0.2609375
0 0.7515625 0.49921875 0.1 0.1421875
0 0.8125 0.39921875 0.1171875 0.1859375
0 0.9203125 0.525 0.090625 0.1015625
0 0.9640625 0.7875 0.071875 0.153125
0 0.85703125 0.821875 0.0828125 0.1109375
0 0.428125 0.9421875 0.1875 0.115625
0 0.47265625 0.5859375 0.1453125 0.140625
0 0.06015625 0.58515625 0.1203125 0.1828125
0 0.14765625 0.5765625 0.115625 0.1828125
0 0.3015625 0.5046875 0.2703125 0.353125
0 0.0296875 0.3625 0.059375 0.078125
0 0.0828125 0.35078125 0.078125 0.0921875
0 0.2078125 0.7890625 0.0609375 0.1265625
0 0.83671875 0.171875 0.2234375 0.33125