0 0.61328125 0.853125 0.1 0.1453125
0 0.71796875 0.8375 0.1625 0.2609375
0 0.7515625 0.49453125 0.1015625 0.14375
0 0.8109375 0.39375 0.11875 0.1859375
0 0.92109375 0.5171875 0.0921875 0.1015625
0 0.96640625 0.7796875 0.0671875 0.153125
0 0.8625 0.815625 0.084375 0.1109375
0 0.43671875 0.94140625 0.1890625 0.1171875
0 0.47421875 0.5859375 0.146875 0.1421875
0 0.0609375 0.5921875 0.121875 0.184375
0 0.14921875 0.5828125 0.11875 0.1828125
0 0.3015625 0.5078125 0.275 0.35625
0 0.028125 0.37109375 0.05625 0.0796875
0 0.0796875 0.3578125 0.0796875 0.09375
0 0.2125 0.79375 0.0625 0.1265625
0 0.83125 0.16640625 0.228125 0.3328125