0 0.4859375 0.8703125 0.0890625 0.140625
0 0.58984375 0.88203125 0.1390625 0.2359375
0 0.73828125 0.58125 0.0890625 0.1375
0 0.828125 0.50625 0.103125 0.18125
0 0.88984375 0.66015625 0.084375 0.0953125
0 0.8546875 0.92578125 0.08125 0.1484375
0 0.93125 0.95 0.046875 0.1
0 0.7328125 0.9203125 0.075 0.10625
0 0.28203125 0.9140625 0.1796875 0.14375
0 0.44609375 0.571875 0.1375 0.1328125
0 0.05546875 0.4375 0.1078125 0.178125
0 0.1421875 0.4578125 0.103125 0.178125
0 0.3109375 0.43984375 0.2453125 0.340625
0 0.096875 0.215625 0.059375 0.075
0 0.15390625 0.22265625 0.0734375 0.0890625
0 0.1296875 0.678125 0.05 0.125
0 0.9125 0.2984375 0.175 0.321875