0 0.4609375 0.6375 0.3984375 0.34375
0 0.159375 0.8984375 0.209375 0.203125
0 0.11328125 0.615625 0.2265625 0.228125
0 0.74140625 0.89375 0.1984375 0.165625
0 0.82421875 0.6375 0.3515625 0.5
0 0.9109375 0.2921875 0.15 0.21875
0 0.7203125 0.29296875 0.140625 0.109375
0 0.61015625 0.23125 0.24375 0.165625
0 0.78125 0.12421875 0.1171875 0.1015625
0 0.1328125 0.45390625 0.075 0.053125
0 0.0375 0.45078125 0.075 0.0453125
0 0.134375 0.30859375 0.0859375 0.0578125
0 0.1140625 0.28515625 0.1015625 0.0515625
0 0.23515625 0.396875 0.075 0.065625
0 0.23125 0.34140625 0.0609375 0.04375
0 0.33515625 0.35546875 0.0875 0.075
0 0.446875 0.41171875 0.078125 0.0609375
0 0.55390625 0.390625 0.0921875 0.0890625
0 0.46328125 0.33359375 0.0765625 0.040625
0 0.4 0.27265625 0.14375 0.103125
0 0.46328125 0.1890625 0.128125 0.071875
0 0.56796875 0.14296875 0.109375 0.0734375
0 0.66484375 0.140625 0.0734375 0.04375
0 0.590625 0.0890625 0.1875 0.0984375
0 0.75625 0.2078125 0.04375 0.0390625
0 0.83671875 0.20234375 0.065625 0.034375
0 0.78046875 0.24921875 0.05 0.0453125
0 0.02578125 0.38984375 0.0515625 0.0671875
0 0.27421875 0.55859375 0.1015625 0.0875