0 0.46796875 0.6390625 0.409375 0.359375
0 0.1828125 0.90625 0.221875 0.1875
0 0.11953125 0.63671875 0.2359375 0.2359375
0 0.76171875 0.88046875 0.203125 0.1734375
0 0.82265625 0.61875 0.3546875 0.5125
0 0.89921875 0.27109375 0.159375 0.221875
0 0.70859375 0.28203125 0.14375 0.115625
0 0.59609375 0.22578125 0.246875 0.175
0 0.7609375 0.109375 0.1203125 0.10625
0 0.13125 0.47265625 0.0765625 0.05625
0 0.0375 0.4765625 0.075 0.05
0 0.12421875 0.328125 0.0875 0.0609375
0 0.10390625 0.30546875 0.1015625 0.05625
0 0.2296875 0.4109375 0.078125 0.06875
0 0.2234375 0.35546875 0.0625 0.046875
0 0.32734375 0.3640625 0.090625 0.078125
0 0.4421875 0.41484375 0.08125 0.0640625
0 0.54765625 0.38828125 0.0953125 0.0921875
0 0.45390625 0.3359375 0.0765625 0.0453125
0 0.38828125 0.278125 0.1453125 0.109375
0 0.446875 0.19140625 0.128125 0.078125
0 0.54921875 0.13984375 0.1109375 0.078125
0 0.64609375 0.1328125 0.0734375 0.046875
0 0.56875 0.08515625 0.1890625 0.10625
0 0.740625 0.19453125 0.0453125 0.040625
0 0.82109375 0.18515625 0.065625 0.0375
0 0.7671875 0.234375 0.0515625 0.046875
0 0.0234375 0.41484375 0.046875 0.0703125
0 0.27734375 0.5703125 0.1046875 0.090625