0 0.45625 0.73984375 0.234375 0.159375
0 0.7078125 0.825 0.16875 0.15625
0 0.60546875 0.640625 0.140625 0.1046875
0 0.44765625 0.62578125 0.134375 0.0875
0 0.55625 0.56484375 0.0890625 0.0546875
0 0.73046875 0.49609375 0.1 0.06875
0 0.93125 0.43046875 0.1375 0.2203125
0 0.81875 0.3015625 0.1546875 0.140625
0 0.6265625 0.46171875 0.178125 0.1078125
0 0.51171875 0.43203125 0.0765625 0.05625
0 0.41484375 0.51953125 0.1140625 0.0484375
0 0.5015625 0.384375 0.0640625 0.04375
0 0.10625 0.7203125 0.1703125 0.109375
0 0.1765625 0.60625 0.184375 0.115625
0 0.2546875 0.509375 0.096875 0.040625
0 0.30078125 0.4671875 0.0859375 0.05
0 0.253125 0.440625 0.146875 0.075
0 0.3796875 0.3640625 0.15625 0.1
0 0.5296875 0.3296875 0.159375 0.06875