0 0.4078125 0.725 0.2265625 0.1453125
0 0.6359375 0.8609375 0.159375 0.146875
0 0.57421875 0.659375 0.1359375 0.096875
0 0.42265625 0.61171875 0.13125 0.0796875
0 0.54140625 0.575 0.0859375 0.0484375
0 0.7265625 0.54375 0.096875 0.0625
0 0.93671875 0.52265625 0.1265625 0.2140625
0 0.853125 0.371875 0.146875 0.13125
0 0.63125 0.4890625 0.1734375 0.096875
0 0.52578125 0.4359375 0.0734375 0.0515625
0 0.41328125 0.5015625 0.1125 0.040625
0 0.52578125 0.3875 0.0625 0.0390625
0 0.07578125 0.63359375 0.1515625 0.0984375
0 0.16171875 0.53671875 0.178125 0.1046875
0 0.2578125 0.4578125 0.096875 0.034375
0 0.31171875 0.4265625 0.084375 0.0453125
0 0.27109375 0.390625 0.14375 0.065625
0 0.4109375 0.3421875 0.1515625 0.0890625
0 0.56484375 0.3390625 0.1578125 0.059375