0 0.384375 0.7140625 0.2375 0.1671875
0 0.59765625 0.8734375 0.171875 0.159375
0 0.55703125 0.66640625 0.1421875 0.109375
0 0.4109375 0.603125 0.1375 0.090625
0 0.53359375 0.57890625 0.0890625 0.05625
0 0.7203125 0.5671875 0.1015625 0.0703125
0 0.9296875 0.56796875 0.140625 0.2234375
0 0.8640625 0.409375 0.1578125 0.1453125
0 0.63203125 0.50234375 0.1796875 0.1140625
0 0.53203125 0.4390625 0.078125 0.0578125
0 0.41328125 0.49296875 0.1140625 0.0515625
0 0.5375 0.390625 0.065625 0.0453125
0 0.071875 0.58671875 0.14375 0.1140625
0 0.159375 0.50078125 0.1859375 0.121875
0 0.26328125 0.4328125 0.0984375 0.04375
0 0.3203125 0.40703125 0.0875 0.053125
0 0.28359375 0.3671875 0.1484375 0.0796875
0 0.428125 0.33359375 0.1578125 0.1046875
0 0.58125 0.346875 0.1609375 0.075