0 0.78984375 0.90546875 0.190625 0.1296875
0 0.64296875 0.76953125 0.1921875 0.15
0 0.7515625 0.6109375 0.3046875 0.1875
0 0.49453125 0.59296875 0.2328125 0.1578125
0 0.6109375 0.48984375 0.215625 0.1125
0 0.265625 0.5609375 0.146875 0.071875
0 0.24140625 0.3640625 0.0765625 0.06875
0 0.36328125 0.39375 0.096875 0.0703125
0 0.521875 0.42734375 0.078125 0.0546875
0 0.4015625 0.49765625 0.1796875 0.08125
0 0.67734375 0.37109375 0.1671875 0.08125
0 0.73359375 0.43125 0.08125 0.034375
0 0.45078125 0.32109375 0.1125 0.0734375
0 0.48046875 0.278125 0.0640625 0.0453125
0 0.62109375 0.26484375 0.0703125 0.0328125
0 0.56171875 0.3328125 0.0875 0.0390625