0 0.62421875 0.95859375 0.1921875 0.0828125
0 0.53671875 0.80234375 0.19375 0.1515625
0 0.69453125 0.69375 0.30625 0.1921875
0 0.4609375 0.58515625 0.2328125 0.1609375
0 0.60703125 0.53046875 0.2171875 0.115625
0 0.259375 0.4734375 0.1484375 0.0734375
0 0.30703125 0.28046875 0.078125 0.0703125
0 0.41015625 0.35234375 0.0984375 0.071875
0 0.546875 0.43984375 0.078125 0.05625
0 0.40859375 0.4625 0.1796875 0.084375
0 0.71171875 0.44296875 0.16875 0.084375
0 0.74296875 0.51953125 0.08125 0.0359375
0 0.51796875 0.315625 0.1125 0.075
0 0.56171875 0.2859375 0.0640625 0.0453125
0 0.69765625 0.32421875 0.0703125 0.034375
0 0.6171875 0.36640625 0.0875 0.040625