0 0.76796875 0.9203125 0.1875 0.1203125
0 0.628125 0.7765625 0.1875 0.140625
0 0.7453125 0.62421875 0.3 0.1734375
0 0.4890625 0.59296875 0.228125 0.1484375
0 0.6109375 0.49609375 0.2140625 0.1015625
0 0.2625 0.5484375 0.146875 0.0640625
0 0.2484375 0.35078125 0.075 0.0671875
0 0.36875 0.38671875 0.0953125 0.0671875
0 0.52578125 0.428125 0.0765625 0.0515625
0 0.4015625 0.4921875 0.178125 0.0734375
0 0.68359375 0.38046875 0.165625 0.0734375
0 0.73671875 0.44296875 0.08125 0.03125
0 0.46015625 0.31875 0.109375 0.06875
0 0.4921875 0.27734375 0.0625 0.0421875
0 0.63359375 0.271875 0.0703125 0.0296875
0 0.5703125 0.3359375 0.0875 0.034375