0 0.053125 0.8328125 0.10625 0.184375
0 0.05859375 0.35 0.1171875 0.5375
0 0.4984375 0.28125 0.2078125 0.2609375
0 0.78828125 0.24296875 0.0921875 0.090625
0 0.8859375 0.23828125 0.1203125 0.1359375
0 0.7703125 0.659375 0.340625 0.134375
0 0.7546875 0.58515625 0.103125 0.078125
0 0.828125 0.57265625 0.059375 0.0765625
0 0.8921875 0.3640625 0.0375 0.05
0 0.9015625 0.43203125 0.0421875 0.0375
0 0.92578125 0.52890625 0.03125 0.046875
0 0.890625 0.5484375 0.065625 0.0359375
0 0.73125 0.784375 0.434375 0.2625
0 0.55234375 0.5265625 0.0546875 0.053125
0 0.5015625 0.59140625 0.16875 0.0921875
0 0.3515625 0.79921875 0.090625 0.1171875
0 0.38515625 0.68984375 0.0828125 0.1046875
0 0.30546875 0.3875 0.08125 0.0921875
0 0.23046875 0.3296875 0.0515625 0.0640625
0 0.1796875 0.3640625 0.034375 0.0390625
0 0.67421875 0.48828125 0.071875 0.0890625
0 0.77109375 0.396875 0.05 0.0796875