0 0.03125 0.73046875 0.0625 0.2046875
0 0.10546875 0.2640625 0.2109375 0.528125
0 0.54375 0.2859375 0.2515625 0.290625
0 0.83515625 0.30859375 0.10625 0.1046875
0 0.93046875 0.32421875 0.1390625 0.1546875
0 0.73125 0.71171875 0.3515625 0.1984375
0 0.73125 0.6359375 0.1140625 0.0953125
0 0.80546875 0.63984375 0.071875 0.0859375
0 0.9125 0.4484375 0.0453125 0.0546875
0 0.90703125 0.5171875 0.0484375 0.04375
0 0.91015625 0.6171875 0.040625 0.05
0 0.871875 0.62890625 0.0703125 0.0484375
0 0.6671875 0.82578125 0.4671875 0.340625
0 0.5453125 0.53671875 0.0640625 0.0625
0 0.48203125 0.58984375 0.1796875 0.1234375
0 0.2921875 0.76171875 0.1109375 0.1296875
0 0.34765625 0.66171875 0.1 0.1171875
0 0.33359375 0.35 0.096875 0.1046875
0 0.271875 0.278125 0.0625 0.071875
0 0.21484375 0.30078125 0.040625 0.04375
0 0.67265625 0.525 0.0859375 0.0984375
0 0.78671875 0.45546875 0.0640625 0.0859375