0 0.040625 0.78359375 0.08125 0.1953125
0 0.08046875 0.30390625 0.1609375 0.5390625
0 0.52109375 0.28203125 0.23125 0.2765625
0 0.81328125 0.27421875 0.1 0.0984375
0 0.9109375 0.2796875 0.13125 0.146875
0 0.7515625 0.68671875 0.3484375 0.1671875
0 0.74453125 0.61171875 0.109375 0.0875
0 0.81796875 0.60703125 0.065625 0.08125
0 0.9046875 0.40546875 0.040625 0.053125
0 0.90703125 0.47421875 0.0453125 0.040625
0 0.9203125 0.5734375 0.0359375 0.0484375
0 0.88359375 0.5890625 0.06875 0.0421875
0 0.70078125 0.80703125 0.453125 0.303125
0 0.54921875 0.53203125 0.059375 0.0578125
0 0.4921875 0.59140625 0.175 0.1078125
0 0.32109375 0.78203125 0.1015625 0.1234375
0 0.365625 0.67734375 0.0921875 0.1109375
0 0.31875 0.36796875 0.0890625 0.0984375
0 0.25 0.303125 0.05625 0.06875
0 0.19609375 0.33125 0.0375 0.0421875
0 0.67421875 0.50703125 0.0796875 0.09375
0 0.78046875 0.42578125 0.0578125 0.0828125