0 0.4703125 0.825 0.465625 0.35
0 0.55546875 0.51953125 0.234375 0.178125
0 0.659375 0.459375 0.1875 0.1109375
0 0.578125 0.39296875 0.1515625 0.1078125
0 0.42109375 0.4171875 0.1109375 0.08125
0 0.43828125 0.359375 0.096875 0.0703125
0 0.40546875 0.321875 0.1 0.096875
0 0.59921875 0.35546875 0.0671875 0.0609375
0 0.6375 0.3359375 0.1 0.0640625
0 0.6953125 0.38515625 0.115625 0.071875
0 0.67421875 0.28359375 0.0625 0.04375
0 0.615625 0.296875 0.090625 0.0953125
0 0.52109375 0.3296875 0.0875 0.0765625
0 0.08359375 0.68984375 0.1671875 0.4109375