0 0.59296875 0.83671875 0.4171875 0.3265625
0 0.55859375 0.5 0.2171875 0.1390625
0 0.6359375 0.4078125 0.18125 0.0765625
0 0.53671875 0.37265625 0.1421875 0.0828125
0 0.39765625 0.44921875 0.103125 0.0625
0 0.39453125 0.3890625 0.090625 0.053125
0 0.35 0.36484375 0.0875 0.0828125
0 0.54375 0.33046875 0.059375 0.0515625
0 0.57265625 0.29921875 0.0953125 0.046875
0 0.64453125 0.32578125 0.109375 0.0515625
0 0.58984375 0.23671875 0.059375 0.0328125
0 0.53984375 0.26953125 0.0765625 0.084375
0 0.46171875 0.3328125 0.078125 0.0640625
0 0.1171875 0.82421875 0.215625 0.3515625