0 0.4828125 0.82734375 0.459375 0.3453125
0 0.55625 0.51796875 0.2328125 0.171875
0 0.6578125 0.45390625 0.1875 0.10625
0 0.57421875 0.390625 0.1515625 0.103125
0 0.41875 0.4203125 0.1109375 0.078125
0 0.43359375 0.36171875 0.096875 0.0671875
0 0.39921875 0.325 0.0984375 0.0953125
0 0.59375 0.35234375 0.065625 0.059375
0 0.63125 0.33125 0.1 0.0609375
0 0.69140625 0.37890625 0.1140625 0.06875
0 0.66640625 0.27734375 0.0625 0.0421875
0 0.60859375 0.29296875 0.0890625 0.09375
0 0.515625 0.32890625 0.0875 0.075
0 0.084375 0.70546875 0.16875 0.4078125