0 0.53515625 0.88671875 0.2109375 0.196875
0 0.76484375 0.71796875 0.146875 0.146875
0 0.98125 0.68984375 0.0375 0.0953125
0 0.83203125 0.5203125 0.2140625 0.1109375
0 0.8390625 0.4109375 0.1546875 0.090625
0 0.6859375 0.29765625 0.128125 0.06875
0 0.51796875 0.471875 0.11875 0.0828125
0 0.5265625 0.565625 0.078125 0.0703125
0 0.34453125 0.534375 0.1453125 0.103125
0 0.453125 0.37109375 0.0515625 0.034375
0 0.40234375 0.32578125 0.0640625 0.0390625
0 0.41484375 0.29609375 0.1046875 0.0484375
0 0.31640625 0.26953125 0.065625 0.0484375
0 0.2765625 0.22734375 0.0828125 0.0375
0 0.41796875 0.1765625 0.234375 0.0546875
0 0.528125 0.2109375 0.0765625 0.0390625
0 0.2484375 0.165625 0.0625 0.028125
0 0.24296875 0.13515625 0.0828125 0.0359375
0 0.371875 0.115625 0.0640625 0.0390625