0 0.4875 0.88828125 0.2140625 0.2
0 0.73671875 0.7484375 0.15 0.15
0 0.9609375 0.7484375 0.0515625 0.096875
0 0.82734375 0.56015625 0.215625 0.1140625
0 0.846875 0.453125 0.15625 0.09375
0 0.709375 0.321875 0.1296875 0.0703125
0 0.52109375 0.47421875 0.1203125 0.0859375
0 0.51875 0.56875 0.078125 0.071875
0 0.34140625 0.515625 0.146875 0.10625
0 0.46953125 0.36640625 0.0515625 0.034375
0 0.42421875 0.315625 0.0640625 0.040625
0 0.440625 0.2875 0.10625 0.05
0 0.34609375 0.2484375 0.0671875 0.0484375
0 0.31171875 0.20234375 0.0828125 0.0390625
0 0.4578125 0.16875 0.2359375 0.059375
0 0.56328125 0.21640625 0.0765625 0.040625
0 0.29140625 0.1375 0.0625 0.028125
0 0.28984375 0.10625 0.084375 0.0375
0 0.41953125 0.103125 0.0640625 0.040625