0 0.56875 0.8828125 0.225 0.2125
0 0.7828125 0.69375 0.1578125 0.1578125
0 0.98671875 0.64609375 0.0265625 0.0984375
0 0.8328125 0.49140625 0.221875 0.128125
0 0.8296875 0.38203125 0.1609375 0.103125
0 0.6671875 0.28203125 0.1328125 0.078125
0 0.515625 0.4703125 0.125 0.0921875
0 0.5328125 0.56328125 0.0828125 0.0765625
0 0.3484375 0.5484375 0.1515625 0.1140625
0 0.4421875 0.37578125 0.053125 0.0375
0 0.3875 0.33515625 0.065625 0.04375
0 0.39765625 0.3046875 0.1078125 0.05625
0 0.296875 0.2859375 0.0703125 0.053125
0 0.25390625 0.2484375 0.084375 0.04375
0 0.38984375 0.18515625 0.2359375 0.075
0 0.50234375 0.209375 0.078125 0.0453125
0 0.2203125 0.1890625 0.0640625 0.0328125
0 0.2125 0.15859375 0.0859375 0.0421875
0 0.3390625 0.128125 0.065625 0.04375