0 0.44453125 0.91171875 0.3234375 0.1765625
0 0.75390625 0.8625 0.4921875 0.271875
0 0.84453125 0.7140625 0.115625 0.0875
0 0.5453125 0.65 0.171875 0.1203125
0 0.35 0.740625 0.3 0.1203125
0 0.11953125 0.81796875 0.2125 0.128125
0 0.31171875 0.49921875 0.1375 0.09375
0 0.6796875 0.484375 0.08125 0.05625
0 0.7453125 0.54140625 0.1484375 0.1109375
0 0.7296875 0.2796875 0.10625 0.0703125
0 0.50078125 0.26953125 0.2125 0.0640625
0 0.434375 0.35546875 0.190625 0.059375
0 0.62109375 0.4203125 0.10625 0.05625