0 0.5453125 0.89375 0.35625 0.2125
0 0.78125 0.78984375 0.4375 0.3828125
0 0.8859375 0.62421875 0.1328125 0.1125
0 0.58046875 0.634375 0.1953125 0.1578125
0 0.4125 0.76953125 0.3203125 0.1890625
0 0.2078125 0.90078125 0.2375 0.175
0 0.3171875 0.54453125 0.15625 0.125
0 0.6703125 0.44140625 0.09375 0.075
0 0.74765625 0.48046875 0.1703125 0.14375
0 0.66953125 0.23046875 0.11875 0.09375
0 0.4453125 0.2765625 0.221875 0.1140625
0 0.4015625 0.37578125 0.2 0.1046875
0 0.5984375 0.39375 0.115625 0.08125