0 0.58828125 0.88359375 0.3640625 0.2328125
0 0.7921875 0.75390625 0.415625 0.4234375
0 0.896875 0.58359375 0.1375 0.121875
0 0.59375 0.62578125 0.2015625 0.171875
0 0.44140625 0.77734375 0.3234375 0.215625
0 0.2515625 0.91640625 0.24375 0.1671875
0 0.32265625 0.56328125 0.1625 0.1359375
0 0.66328125 0.42421875 0.096875 0.08125
0 0.74453125 0.4546875 0.178125 0.1546875
0 0.640625 0.2140625 0.1234375 0.1015625
0 0.421875 0.2828125 0.221875 0.1328125
0 0.3890625 0.38671875 0.2 0.121875
0 0.58671875 0.38359375 0.11875 0.0890625