0 0.26015625 0.76875 0.246875 0.4140625
0 0.55546875 0.77890625 0.1734375 0.2140625
0 0.7953125 0.90703125 0.259375 0.1859375
0 0.7609375 0.734375 0.1109375 0.15625
0 0.92109375 0.71796875 0.0953125 0.1046875
0 0.70625 0.59921875 0.1296875 0.13125
0 0.18046875 0.31640625 0.3390625 0.271875
0 0.0828125 0.60390625 0.165625 0.2015625
0 0.365625 0.53515625 0.1515625 0.1734375
0 0.659375 0.41328125 0.08125 0.071875
0 0.67109375 0.46640625 0.06875 0.05625
0 0.55078125 0.5328125 0.125 0.1421875
0 0.39765625 0.396875 0.14375 0.1171875
0 0.50859375 0.40546875 0.090625 0.078125