0 0.225 0.7328125 0.29375 0.425
0 0.51640625 0.78359375 0.1953125 0.2265625
0 0.73046875 0.9203125 0.2828125 0.159375
0 0.72578125 0.76796875 0.128125 0.1640625
0 0.88671875 0.77421875 0.1046875 0.1125
0 0.690625 0.6265625 0.140625 0.1421875
0 0.20859375 0.27421875 0.359375 0.3046875
0 0.08203125 0.5421875 0.1640625 0.21875
0 0.36171875 0.515625 0.16875 0.184375
0 0.6703125 0.4359375 0.0875 0.0796875
0 0.67421875 0.490625 0.071875 0.0625
0 0.5453125 0.5390625 0.1390625 0.1515625
0 0.41328125 0.38359375 0.153125 0.13125
0 0.521875 0.4078125 0.096875 0.0859375