0 0.371875 0.8140625 0.253125 0.371875
0 0.6515625 0.740625 0.1765625 0.215625
0 0.90234375 0.81015625 0.1953125 0.2640625
0 0.82734375 0.625 0.1140625 0.1578125
0 0.96171875 0.5515625 0.0765625 0.10625
0 0.728125 0.51875 0.13125 0.1328125
0 0.153125 0.44296875 0.30625 0.2765625
0 0.1296875 0.753125 0.20625 0.2046875
0 0.38671875 0.58125 0.1546875 0.175
0 0.61796875 0.36171875 0.0828125 0.0734375
0 0.64765625 0.4078125 0.06875 0.05625
0 0.55859375 0.5125 0.128125 0.1421875
0 0.3671875 0.440625 0.1453125 0.1203125
0 0.47421875 0.40859375 0.090625 0.0796875