0 0.42421875 0.609375 0.184375 0.2046875
0 0.746875 0.63046875 0.5046875 0.26875
0 0.58125 0.803125 0.059375 0.0609375
0 0.9140625 0.396875 0.034375 0.0546875
0 0.4453125 0.39453125 0.1296875 0.053125
0 0.41953125 0.475 0.1109375 0.075
0 0.4921875 0.5046875 0.0515625 0.0640625
0 0.3484375 0.49296875 0.0875 0.0578125
0 0.228125 0.55078125 0.1609375 0.140625
0 0.17109375 0.69453125 0.109375 0.1140625
0 0.246875 0.69453125 0.0375 0.0515625
0 0.31015625 0.71484375 0.0421875 0.0421875
0 0.0421875 0.61953125 0.084375 0.1390625
0 0.08984375 0.51328125 0.103125 0.0984375
0 0.0078125 0.740625 0.015625 0.05
0 0.51640625 0.79921875 0.0734375 0.0796875