0 0.428125 0.61171875 0.178125 0.1984375
0 0.7515625 0.621875 0.496875 0.253125
0 0.5921875 0.8 0.0578125 0.059375
0 0.91015625 0.38203125 0.0328125 0.053125
0 0.4421875 0.39609375 0.128125 0.0484375
0 0.41875 0.47734375 0.109375 0.071875
0 0.4921875 0.50546875 0.05 0.0625
0 0.3484375 0.4984375 0.0859375 0.0546875
0 0.2296875 0.56015625 0.15625 0.1359375
0 0.178125 0.70625 0.10625 0.1109375
0 0.25390625 0.703125 0.0359375 0.0515625
0 0.31796875 0.72109375 0.040625 0.040625
0 0.04296875 0.63515625 0.0859375 0.1359375
0 0.08984375 0.528125 0.1 0.0953125
0 0.01171875 0.75703125 0.0234375 0.0484375
0 0.52734375 0.7984375 0.071875 0.078125