0 0.10625 0.6 0.1375 0.171875
0 0.2 0.753125 0.125 0.16875
0 0.18984375 0.9125 0.1125 0.1171875
0 0.1171875 0.7515625 0.0453125 0.065625
0 0.23515625 0.615625 0.1484375 0.20625
0 0.3609375 0.64140625 0.06875 0.090625
0 0.40390625 0.73671875 0.0921875 0.134375
0 0.41640625 0.8578125 0.0875 0.115625
0 0.55703125 0.77734375 0.409375 0.43125
0 0.353125 0.48046875 0.1328125 0.1703125
0 0.4375 0.41796875 0.15 0.1703125
0 0.46875 0.62578125 0.06875 0.0921875
0 0.51875 0.55390625 0.109375 0.1609375
0 0.575 0.4421875 0.065625 0.0859375
0 0.60703125 0.5078125 0.059375 0.065625
0 0.6484375 0.378125 0.1921875 0.221875
0 0.671875 0.52265625 0.0984375 0.128125
0 0.81171875 0.59140625 0.171875 0.203125
0 0.82265625 0.25390625 0.184375 0.2171875
0 0.91328125 0.253125 0.0953125 0.1328125
0 0.77421875 0.10546875 0.075 0.103125
0 0.87421875 0.396875 0.090625 0.090625
0 0.9421875 0.3890625 0.115625 0.125
0 0.93515625 0.5234375 0.1296875 0.2375
0 0.853125 0.4875 0.090625 0.090625
0 0.79765625 0.4234375 0.0578125 0.0765625
0 0.3890625 0.18515625 0.778125 0.3703125