0 0.0953125 0.5375 0.1171875 0.1625
0 0.1640625 0.703125 0.1046875 0.1609375
0 0.12890625 0.85859375 0.1015625 0.1078125
0 0.08203125 0.6890625 0.0375 0.0640625
0 0.2203125 0.57265625 0.1234375 0.1984375
0 0.340625 0.61796875 0.0578125 0.0859375
0 0.36796875 0.71875 0.0765625 0.1296875
0 0.36171875 0.840625 0.075 0.1109375
0 0.51328125 0.7828125 0.3671875 0.3953125
0 0.3578125 0.4578125 0.1140625 0.1625
0 0.45078125 0.40859375 0.13125 0.1578125
0 0.44921875 0.61953125 0.0578125 0.0890625
0 0.51015625 0.55625 0.0890625 0.15625
0 0.5828125 0.4546875 0.05625 0.08125
0 0.6046875 0.52421875 0.0515625 0.0609375
0 0.665625 0.40234375 0.16875 0.2078125
0 0.66640625 0.55 0.084375 0.121875
0 0.79296875 0.63828125 0.15 0.190625
0 0.85703125 0.30703125 0.1609375 0.203125
0 0.946875 0.32109375 0.0796875 0.128125
0 0.8328125 0.153125 0.0625 0.1
0 0.88515625 0.45625 0.0828125 0.0828125
0 0.95078125 0.459375 0.0984375 0.115625
0 0.9375 0.59453125 0.125 0.2296875
0 0.85078125 0.54296875 0.0828125 0.0828125
0 0.80625 0.47109375 0.0484375 0.0734375
0 0.41875 0.1421875 0.8375 0.284375