0 0.09453125 0.53046875 0.115625 0.1625
0 0.1609375 0.69765625 0.103125 0.159375
0 0.12265625 0.85234375 0.1 0.10625
0 0.07890625 0.68125 0.0359375 0.0640625
0 0.21953125 0.56796875 0.1203125 0.196875
0 0.33828125 0.61484375 0.05625 0.0859375
0 0.3640625 0.71640625 0.075 0.1296875
0 0.35546875 0.83828125 0.0734375 0.109375
0 0.5078125 0.7828125 0.3625 0.390625
0 0.35859375 0.45546875 0.1109375 0.1609375
0 0.45234375 0.4078125 0.1296875 0.15625
0 0.446875 0.61875 0.05625 0.0890625
0 0.509375 0.55625 0.0875 0.15625
0 0.58359375 0.45625 0.0546875 0.08125
0 0.60390625 0.5265625 0.0515625 0.0609375
0 0.6671875 0.40546875 0.165625 0.2046875
0 0.66484375 0.55234375 0.0828125 0.1203125
0 0.790625 0.64375 0.1484375 0.1890625
0 0.86015625 0.31328125 0.1578125 0.2015625
0 0.95 0.32890625 0.0765625 0.128125
0 0.83828125 0.15859375 0.0609375 0.0984375
0 0.8859375 0.46328125 0.08125 0.08125
0 0.9515625 0.46640625 0.096875 0.1140625
0 0.9375 0.603125 0.125 0.228125
0 0.85 0.54921875 0.08125 0.08125
0 0.80703125 0.4765625 0.046875 0.071875
0 0.421875 0.1375 0.84375 0.275