0 0.65 0.83671875 0.3078125 0.2234375
0 0.6703125 0.50078125 0.2453125 0.1296875
0 0.75859375 0.403125 0.178125 0.0796875
0 0.45078125 0.415625 0.1328125 0.0625
0 0.44921875 0.365625 0.109375 0.05
0 0.3953125 0.32890625 0.0921875 0.0640625
0 0.64140625 0.3625 0.1671875 0.08125
0 0.78203125 0.32265625 0.1328125 0.0609375
0 0.68828125 0.29765625 0.0828125 0.0328125
0 0.6671875 0.25859375 0.140625 0.0453125
0 0.76796875 0.22578125 0.153125 0.046875
0 0.46875 0.2765625 0.075 0.05625
0 0.5203125 0.24296875 0.1015625 0.0484375
0 0.33671875 0.3734375 0.0625 0.059375