0 0.61328125 0.85078125 0.328125 0.253125
0 0.66953125 0.51875 0.25625 0.1546875
0 0.7671875 0.43046875 0.1859375 0.096875
0 0.46015625 0.4109375 0.1390625 0.0765625
0 0.46328125 0.3609375 0.1125 0.0609375
0 0.41328125 0.31875 0.0984375 0.071875
0 0.6546875 0.378125 0.1734375 0.0984375
0 0.79921875 0.353125 0.1375 0.0734375
0 0.7078125 0.31875 0.0859375 0.0421875
0 0.6921875 0.27734375 0.14375 0.059375
0 0.7953125 0.25546875 0.1578125 0.0625
0 0.4921875 0.275 0.0796875 0.0640625
0 0.546875 0.246875 0.10625 0.0578125
0 0.35078125 0.35703125 0.0671875 0.065625