0 0.6609375 0.83125 0.3078125 0.2234375
0 0.6703125 0.49453125 0.2453125 0.1296875
0 0.75546875 0.39375 0.178125 0.0796875
0 0.44765625 0.4171875 0.1328125 0.0625
0 0.44453125 0.3671875 0.109375 0.05
0 0.3890625 0.33203125 0.0921875 0.0640625
0 0.63671875 0.3578125 0.1671875 0.08125
0 0.77578125 0.31328125 0.1328125 0.0609375
0 0.68046875 0.29140625 0.0828125 0.0328125
0 0.659375 0.25234375 0.140625 0.0453125
0 0.75859375 0.21640625 0.153125 0.046875
0 0.4609375 0.278125 0.075 0.05625
0 0.5109375 0.24296875 0.1015625 0.0484375
0 0.33203125 0.3796875 0.0625 0.059375