0 0.4109375 0.759375 0.3390625 0.340625
0 0.78984375 0.81640625 0.3796875 0.3671875
0 0.91484375 0.478125 0.1703125 0.35
0 0.765625 0.44296875 0.1546875 0.190625
0 0.58203125 0.5109375 0.096875 0.10625
0 0.47265625 0.48203125 0.0796875 0.075
0 0.09375 0.609375 0.1875 0.25
0 0.27421875 0.390625 0.0734375 0.0546875
0 0.15390625 0.4203125 0.0984375 0.0875
0 0.04765625 0.359375 0.08125 0.121875
0 0.38046875 0.39453125 0.1140625 0.0859375
0 0.50625 0.41171875 0.0625 0.053125
0 0.5078125 0.3375 0.0546875 0.0453125
0 0.68125 0.3265625 0.2375 0.1265625
0 0.884375 0.271875 0.1390625 0.15
0 0.55859375 0.23125 0.1390625 0.09375
0 0.7578125 0.24765625 0.0796875 0.0734375
0 0.7203125 0.1484375 0.165625 0.084375
0 0.67109375 0.20546875 0.1203125 0.0625
0 0.459375 0.28515625 0.0828125 0.090625
0 0.2796875 0.32109375 0.0578125 0.040625