0 0.3625 0.7375 0.384375 0.3859375
0 0.71953125 0.82890625 0.4390625 0.3421875
0 0.8984375 0.56015625 0.203125 0.3671875
0 0.771875 0.49453125 0.1828125 0.209375
0 0.578125 0.5265625 0.1109375 0.11875
0 0.4765625 0.47734375 0.0890625 0.0859375
0 0.09609375 0.528125 0.1921875 0.275
0 0.29921875 0.34921875 0.0796875 0.065625
0 0.17578125 0.35625 0.109375 0.1015625
0 0.08203125 0.27578125 0.1015625 0.13125
0 0.403125 0.37421875 0.1234375 0.103125
0 0.52265625 0.41484375 0.06875 0.0625
0 0.53828125 0.3421875 0.0609375 0.053125
0 0.71171875 0.36484375 0.2484375 0.165625
0 0.9203125 0.3484375 0.159375 0.16875
0 0.609375 0.24765625 0.15 0.115625
0 0.80078125 0.3015625 0.0890625 0.084375
0 0.7828125 0.196875 0.1734375 0.1125
0 0.72421875 0.24296875 0.1265625 0.08125
0 0.5015625 0.28125 0.0953125 0.1015625
0 0.31796875 0.2828125 0.0625 0.05