0 0.46171875 0.771875 0.334375 0.3359375
0 0.83203125 0.7796875 0.3359375 0.409375
0 0.91015625 0.396875 0.1796875 0.346875
0 0.75 0.39375 0.153125 0.1875
0 0.5828125 0.4953125 0.0953125 0.10625
0 0.46953125 0.4875 0.078125 0.0734375
0 0.11328125 0.68671875 0.2015625 0.246875
0 0.2578125 0.4359375 0.0734375 0.053125
0 0.1453125 0.48828125 0.096875 0.0859375
0 0.034375 0.4484375 0.06875 0.121875
0 0.3625 0.41953125 0.1125 0.084375
0 0.4890625 0.4125 0.0625 0.053125
0 0.4765625 0.3390625 0.0546875 0.0453125
0 0.6453125 0.2953125 0.2359375 0.121875
0 0.83359375 0.20234375 0.1359375 0.1484375
0 0.50625 0.225 0.1390625 0.0921875
0 0.7046875 0.203125 0.078125 0.071875
0 0.64921875 0.11328125 0.165625 0.08125
0 0.61171875 0.178125 0.1203125 0.059375
0 0.41953125 0.296875 0.08125 0.0890625
0 0.25 0.36640625 0.05625 0.0390625