0 0.2109375 0.74453125 0.26875 0.3671875
0 0.51171875 0.65703125 0.3078125 0.2328125
0 0.425 0.47109375 0.20625 0.19375
0 0.64765625 0.3953125 0.265625 0.2703125
0 0.1828125 0.44296875 0.2421875 0.1359375
0 0.42734375 0.284375 0.15 0.1375
0 0.5015625 0.20625 0.121875 0.0890625
0 0.63046875 0.1046875 0.071875 0.05
0 0.859375 0.1140625 0.1328125 0.078125
0 0.784375 0.1265625 0.1015625 0.0625
0 0.80234375 0.1578125 0.1546875 0.1140625
0 0.26171875 0.26796875 0.1171875 0.10625
0 0.3171875 0.1015625 0.565625 0.203125