0 0.21953125 0.7546875 0.28125 0.375
0 0.5171875 0.65625 0.3140625 0.24375
0 0.4234375 0.47421875 0.2125 0.2015625
0 0.64453125 0.390625 0.2734375 0.278125
0 0.18125 0.45390625 0.2453125 0.14375
0 0.4203125 0.28671875 0.1546875 0.1421875
0 0.49140625 0.20625 0.125 0.09375
0 0.6171875 0.1 0.0734375 0.053125
0 0.8453125 0.1015625 0.134375 0.0828125
0 0.77109375 0.1171875 0.103125 0.065625
0 0.78984375 0.14765625 0.159375 0.1203125
0 0.25390625 0.2765625 0.1203125 0.109375
0 0.30390625 0.109375 0.5703125 0.21875