0 0.1609375 0.66640625 0.321875 0.4046875
0 0.4734375 0.6546875 0.3390625 0.2796875
0 0.43359375 0.45390625 0.234375 0.225
0 0.66875 0.434375 0.3046875 0.3078125
0 0.20625 0.36796875 0.259375 0.175
0 0.48203125 0.2734375 0.1703125 0.159375
0 0.57265625 0.21484375 0.134375 0.1078125
0 0.72265625 0.14765625 0.078125 0.0609375
0 0.93515625 0.21171875 0.1296875 0.0984375
0 0.865625 0.20625 0.109375 0.078125
0 0.87578125 0.24140625 0.1703125 0.1390625
0 0.325 0.21796875 0.1328125 0.1234375
0 0.41953125 0.10859375 0.5859375 0.2171875