0 0.35625 0.87578125 0.159375 0.153125
0 0.73515625 0.96796875 0.153125 0.0625
0 0.96015625 0.5203125 0.0796875 0.0625
0 0.528125 0.71015625 0.234375 0.1671875
0 0.3140625 0.59765625 0.3140625 0.1265625
0 0.071875 0.4734375 0.10625 0.06875
0 0.17734375 0.503125 0.0875 0.08125
0 0.3390625 0.45390625 0.2421875 0.1171875
0 0.7484375 0.5234375 0.084375 0.0390625
0 0.80078125 0.46015625 0.078125 0.0515625
0 0.7515625 0.353125 0.096875 0.065625
0 0.69921875 0.403125 0.0984375 0.1046875
0 0.271875 0.29375 0.071875 0.103125