0 0.3625 0.878125 0.1625 0.15625
0 0.74296875 0.9640625 0.153125 0.065625
0 0.959375 0.51171875 0.08125 0.0640625
0 0.53203125 0.709375 0.2359375 0.171875
0 0.315625 0.60078125 0.315625 0.13125
0 0.07109375 0.48125 0.1078125 0.0703125
0 0.17734375 0.50859375 0.0890625 0.08125
0 0.33828125 0.45703125 0.24375 0.121875
0 0.7484375 0.51875 0.084375 0.040625
0 0.8 0.4546875 0.0796875 0.053125
0 0.74921875 0.3484375 0.096875 0.0671875
0 0.69765625 0.4 0.1 0.10625
0 0.26796875 0.29765625 0.0734375 0.1046875