0 0.29921875 0.8484375 0.1828125 0.1765625
0 0.65859375 0.978125 0.1609375 0.04375
0 0.9515625 0.5921875 0.0890625 0.0734375
0 0.49453125 0.71171875 0.25625 0.2015625
0 0.30078125 0.5671875 0.3296875 0.1734375
0 0.08125 0.40703125 0.115625 0.084375
0 0.18046875 0.45234375 0.0984375 0.09375
0 0.3484375 0.4296875 0.2578125 0.153125
0 0.74140625 0.56171875 0.0890625 0.0515625
0 0.803125 0.5078125 0.0859375 0.0625
0 0.77109375 0.39453125 0.1046875 0.0796875
0 0.71171875 0.43515625 0.1140625 0.11875
0 0.30703125 0.2609375 0.0859375 0.1125