0 0.44921875 0.55703125 0.1828125 0.1859375
0 0.6328125 0.8078125 0.665625 0.384375
0 0.60234375 0.6828125 0.209375 0.221875
0 0.6515625 0.578125 0.1265625 0.1140625
0 0.8359375 0.565625 0.328125 0.290625
0 0.884375 0.484375 0.23125 0.246875
0 0.86796875 0.3296875 0.2453125 0.1515625
0 0.69765625 0.35234375 0.2765625 0.1625
0 0.60625 0.428125 0.2640625 0.18125
0 0.3296875 0.36953125 0.1140625 0.096875
0 0.11171875 0.2859375 0.19375 0.23125
0 0.215625 0.39921875 0.159375 0.1265625
0 0.17890625 0.55 0.2375 0.2875
0 0.21015625 0.84609375 0.24375 0.25
0 0.26953125 0.128125 0.4453125 0.25625
0 0.59296875 0.24140625 0.1265625 0.1109375
0 0.63359375 0.18046875 0.13125 0.0921875
0 0.76953125 0.21875 0.11875 0.1140625
0 0.87421875 0.21328125 0.0796875 0.0671875
0 0.9546875 0.29921875 0.090625 0.2046875