0 0.46328125 0.5671875 0.165625 0.1703125
0 0.69609375 0.80546875 0.6078125 0.3890625
0 0.64140625 0.65546875 0.1890625 0.203125
0 0.66484375 0.5421875 0.115625 0.103125
0 0.8453125 0.48828125 0.309375 0.2578125
0 0.8828125 0.39609375 0.234375 0.2234375
0 0.8203125 0.2515625 0.234375 0.125
0 0.659375 0.31171875 0.265625 0.1328125
0 0.5875 0.40625 0.25 0.1546875
0 0.3046875 0.4109375 0.10625 0.084375
0 0.0796875 0.37734375 0.159375 0.2140625
0 0.2 0.465625 0.1484375 0.1109375
0 0.1984375 0.6203125 0.209375 0.2671875
0 0.29609375 0.89375 0.2203125 0.2125
0 0.19609375 0.1515625 0.3921875 0.290625
0 0.5328125 0.2265625 0.1171875 0.0984375
0 0.5578125 0.159375 0.125 0.078125
0 0.69921875 0.165625 0.1078125 0.1015625
0 0.8 0.1359375 0.0734375 0.059375
0 0.92578125 0.19609375 0.1265625 0.19375