0 0.44296875 0.55 0.196875 0.2
0 0.58984375 0.79921875 0.6921875 0.4015625
0 0.5796875 0.69453125 0.228125 0.2375
0 0.640625 0.59609375 0.134375 0.125
0 0.825 0.60703125 0.35 0.3203125
0 0.87890625 0.53359375 0.2421875 0.2671875
0 0.8796875 0.375 0.240625 0.175
0 0.7140625 0.37734375 0.2828125 0.1890625
0 0.6140625 0.44140625 0.2734375 0.20625
0 0.346875 0.34921875 0.1203125 0.10625
0 0.140625 0.23984375 0.2140625 0.24375
0 0.2296875 0.36484375 0.1671875 0.140625
0 0.175 0.51015625 0.2625 0.303125
0 0.1703125 0.80859375 0.2625 0.26875
0 0.321875 0.12578125 0.465625 0.2515625
0 0.62421875 0.2546875 0.134375 0.121875
0 0.67109375 0.19921875 0.1375 0.1046875
0 0.8015625 0.25390625 0.1265625 0.1234375
0 0.90625 0.2609375 0.084375 0.0734375
0 0.9609375 0.36015625 0.078125 0.2140625