0 0.40546875 0.659375 0.228125 0.2671875
0 0.6890625 0.89375 0.1984375 0.1796875
0 0.65859375 0.56328125 0.1984375 0.2453125
0 0.734375 0.43984375 0.0984375 0.0984375
0 0.48515625 0.49140625 0.1234375 0.121875
0 0.340625 0.396875 0.1078125 0.125
0 0.4296875 0.371875 0.1015625 0.103125
0 0.56875 0.4109375 0.1625 0.134375
0 0.5265625 0.321875 0.0828125 0.078125
0 0.640625 0.303125 0.05625 0.0671875
0 0.6453125 0.24453125 0.0828125 0.0859375
0 0.61875 0.16171875 0.065625 0.0890625
0 0.5328125 0.20078125 0.140625 0.084375
0 0.43359375 0.2140625 0.1 0.0921875
0 0.3359375 0.1546875 0.0765625 0.065625
0 0.4796875 0.1484375 0.096875 0.075