0 0.33515625 0.58515625 0.215625 0.2609375
0 0.4515625 0.92421875 0.19375 0.1515625
0 0.60078125 0.6375 0.1859375 0.2390625
0 0.73046875 0.57265625 0.09375 0.0953125
0 0.49140625 0.48515625 0.11875 0.1171875
0 0.41953125 0.32890625 0.1015625 0.121875
0 0.50859375 0.35390625 0.096875 0.0984375
0 0.60546875 0.4609375 0.1578125 0.128125
0 0.6171875 0.36328125 0.0796875 0.075
0 0.7234375 0.4078125 0.053125 0.065625
0 0.75859375 0.36015625 0.0796875 0.0828125
0 0.7796875 0.27578125 0.0609375 0.0875
0 0.6859375 0.2640625 0.140625 0.0765625
0 0.5953125 0.22265625 0.096875 0.0875
0 0.54375 0.1203125 0.075 0.0625
0 0.66875 0.19140625 0.09375 0.0703125