0 0.33359375 0.5828125 0.21875 0.2625
0 0.44296875 0.92265625 0.1953125 0.1546875
0 0.5984375 0.63984375 0.1890625 0.240625
0 0.7296875 0.5765625 0.0953125 0.096875
0 0.4921875 0.48515625 0.11875 0.11875
0 0.42265625 0.32734375 0.103125 0.1234375
0 0.5109375 0.35390625 0.0984375 0.1
0 0.60625 0.46328125 0.159375 0.1296875
0 0.61953125 0.365625 0.08125 0.0765625
0 0.725 0.41171875 0.053125 0.065625
0 0.7609375 0.36484375 0.08125 0.084375
0 0.78359375 0.28046875 0.0625 0.0875
0 0.68984375 0.2671875 0.140625 0.078125
0 0.6 0.22421875 0.0984375 0.0890625
0 0.55078125 0.12109375 0.075 0.0640625
0 0.67421875 0.19375 0.0953125 0.071875