0 0.528125 0.8 0.81875 0.4
0 0.57890625 0.534375 0.484375 0.2734375
0 0.7359375 0.4640625 0.3125 0.1390625
0 0.78671875 0.40546875 0.2703125 0.1203125
0 0.55625 0.375 0.2671875 0.1234375
0 0.265625 0.36015625 0.215625 0.0984375
0 0.2546875 0.30234375 0.2109375 0.1
0 0.41953125 0.3015625 0.115625 0.065625
0 0.63046875 0.31796875 0.2375 0.1640625
0 0.8359375 0.3203125 0.1640625 0.078125
0 0.11875 0.2796875 0.1234375 0.0703125
0 0.19140625 0.2609375 0.1703125 0.1015625
0 0.4109375 0.23046875 0.15 0.0859375
0 0.70546875 0.28671875 0.1203125 0.08125