0 0.553125 0.81015625 0.809375 0.3796875
0 0.58125 0.52890625 0.48125 0.2453125
0 0.7328125 0.44765625 0.3125 0.1203125
0 0.7796875 0.3859375 0.2703125 0.103125
0 0.546875 0.371875 0.2671875 0.10625
0 0.25625 0.37734375 0.2171875 0.084375
0 0.24140625 0.3203125 0.2109375 0.0875
0 0.40625 0.3078125 0.1140625 0.059375
0 0.6171875 0.309375 0.234375 0.1515625
0 0.82265625 0.29765625 0.1640625 0.0671875
0 0.1046875 0.30703125 0.1234375 0.0625
0 0.175 0.28359375 0.16875 0.0921875
0 0.39296875 0.2375 0.15 0.078125
0 0.68984375 0.27265625 0.1171875 0.075