0 0.57109375 0.8171875 0.7984375 0.365625
0 0.5828125 0.52421875 0.4765625 0.2234375
0 0.7296875 0.43515625 0.3125 0.1046875
0 0.77265625 0.37109375 0.2703125 0.0890625
0 0.540625 0.36953125 0.2671875 0.09375
0 0.25 0.38984375 0.215625 0.075
0 0.23203125 0.33359375 0.2109375 0.0765625
0 0.39609375 0.3125 0.1140625 0.053125
0 0.60703125 0.30390625 0.2296875 0.1421875
0 0.81171875 0.28125 0.1640625 0.059375
0 0.0953125 0.328125 0.121875 0.05625
0 0.1640625 0.30078125 0.1671875 0.084375
0 0.37890625 0.24296875 0.1484375 0.0703125
0 0.67734375 0.26328125 0.115625 0.06875