0 0.21328125 0.825 0.3734375 0.35
0 0.73984375 0.72578125 0.5203125 0.5453125
0 0.53203125 0.453125 0.2578125 0.2015625
0 0.2265625 0.43046875 0.265625 0.2078125
0 0.31796875 0.5265625 0.16875 0.35
0 0.3625 0.23515625 0.11875 0.109375
0 0.43359375 0.26484375 0.1390625 0.13125
0 0.7078125 0.32421875 0.2125 0.2
0 0.77109375 0.228125 0.1546875 0.1984375
0 0.85 0.10390625 0.196875 0.1609375
0 0.621875 0.10234375 0.115625 0.0828125
0 0.64140625 0.196875 0.1171875 0.1171875
0 0.515625 0.18046875 0.0953125 0.0859375
0 0.8078125 0.04609375 0.175 0.0921875