0 0.17265625 0.775 0.3453125 0.334375
0 0.72578125 0.75234375 0.5453125 0.4953125
0 0.5390625 0.459375 0.25 0.190625
0 0.240625 0.38828125 0.2578125 0.1953125
0 0.31640625 0.49765625 0.1515625 0.3453125
0 0.40546875 0.21640625 0.1140625 0.1046875
0 0.47109375 0.2578125 0.134375 0.125
0 0.7328125 0.35859375 0.203125 0.190625
0 0.81015625 0.2734375 0.1453125 0.1921875
0 0.90546875 0.1640625 0.1890625 0.153125
0 0.68203125 0.1265625 0.1125 0.078125
0 0.6875 0.22265625 0.1125 0.1109375
0 0.565625 0.18671875 0.090625 0.08125
0 0.87578125 0.09296875 0.1703125 0.096875