0 0.31796875 0.46875 0.4609375 0.3125
0 0.71484375 0.5578125 0.3359375 0.2328125
0 0.39296875 0.84375 0.6015625 0.3125
0 0.1078125 0.815625 0.1125 0.140625
0 0.03203125 0.52578125 0.0640625 0.1265625
0 0.8359375 0.84296875 0.328125 0.2390625
0 0.93828125 0.63359375 0.1234375 0.1609375
0 0.9578125 0.41640625 0.084375 0.1484375
0 0.86015625 0.35078125 0.16875 0.1328125
0 0.61640625 0.33828125 0.3 0.1546875
0 0.45234375 0.30078125 0.2625 0.134375
0 0.16015625 0.3046875 0.228125 0.115625
0 0.26328125 0.203125 0.2578125 0.1328125
0 0.3625 0.23671875 0.221875 0.134375
0 0.55546875 0.171875 0.196875 0.1078125
0 0.6375 0.23828125 0.1109375 0.0625
0 0.59453125 0.09140625 0.109375 0.075
0 0.63046875 0.04296875 0.1859375 0.0859375
0 0.50546875 0.09921875 0.178125 0.0984375
0 0.31796875 0.0734375 0.3703125 0.146875
0 0.53125 0.021875 0.2 0.04375