0 0.346875 0.39765625 0.453125 0.2859375
0 0.67265625 0.63984375 0.328125 0.2140625
0 0.26875 0.81328125 0.5375 0.3734375
0 0.0328125 0.62734375 0.065625 0.1359375
0 0.05234375 0.32890625 0.078125 0.1234375
0 0.69609375 0.92734375 0.3859375 0.1453125
0 0.8734375 0.8125 0.1765625 0.1515625
0 0.95625 0.61171875 0.0859375 0.1453125
0 0.88984375 0.51015625 0.1640625 0.1234375
0 0.67265625 0.39921875 0.296875 0.1359375
0 0.53671875 0.2984375 0.2609375 0.11875
0 0.26875 0.1828125 0.228125 0.1015625
0 0.4046875 0.1328125 0.25625 0.1171875
0 0.48125 0.20390625 0.21875 0.121875
0 0.68359375 0.22265625 0.19375 0.096875
0 0.73203125 0.3171875 0.109375 0.05625
0 0.75234375 0.165625 0.10625 0.06875
0 0.8140625 0.115625 0.18125 0.1203125
0 0.66796875 0.1359375 0.1765625 0.0875
0 0.5078125 0.04921875 0.371875 0.0984375
0 0.7328125 0.05546875 0.2 0.0765625