0 0.3171875 0.475 0.465625 0.325
0 0.71640625 0.55 0.3375 0.2421875
0 0.4078125 0.84140625 0.60625 0.3171875
0 0.11875 0.82890625 0.1171875 0.1421875
0 0.0328125 0.54140625 0.065625 0.1265625
0 0.84140625 0.8296875 0.3171875 0.25
0 0.93984375 0.61640625 0.1203125 0.1640625
0 0.9546875 0.39921875 0.090625 0.1484375
0 0.8546875 0.33828125 0.1703125 0.1359375
0 0.6109375 0.334375 0.3 0.1625
0 0.4453125 0.303125 0.2625 0.1421875
0 0.153125 0.31640625 0.228125 0.1234375
0 0.253125 0.21171875 0.259375 0.140625
0 0.35390625 0.2421875 0.2234375 0.140625
0 0.54375 0.1703125 0.196875 0.1140625
0 0.62890625 0.23359375 0.1109375 0.065625
0 0.58046875 0.08828125 0.109375 0.078125
0 0.6140625 0.0421875 0.1875 0.084375
0 0.49140625 0.09921875 0.1796875 0.103125
0 0.30390625 0.0796875 0.3703125 0.159375
0 0.5140625 0.02265625 0.2 0.0453125