0 0.209375 0.64609375 0.35625 0.18125
0 0.0421875 0.7890625 0.084375 0.209375
0 0.08203125 0.54609375 0.1640625 0.1453125
0 0.8 0.84765625 0.2609375 0.1703125
0 0.71953125 0.71328125 0.18125 0.1
0 0.51171875 0.67421875 0.196875 0.1140625
0 0.25859375 0.54453125 0.184375 0.0921875
0 0.08125 0.45703125 0.15625 0.084375
0 0.4453125 0.4953125 0.1984375 0.1171875
0 0.48984375 0.5453125 0.1328125 0.0625
0 0.56484375 0.58359375 0.090625 0.05
0 0.5640625 0.62734375 0.11875 0.059375
0 0.6671875 0.65234375 0.1234375 0.0640625
0 0.8046875 0.68046875 0.221875 0.1078125
0 0.7109375 0.58828125 0.140625 0.071875
0 0.846875 0.64375 0.1 0.0484375
0 0.23984375 0.45234375 0.0859375 0.0484375
0 0.33125 0.45625 0.0671875 0.0390625
0 0.625 0.52578125 0.084375 0.05625
0 0.7578125 0.54140625 0.1375 0.0859375
0 0.853125 0.971875 0.08125 0.05625