0 0.2328125 0.68515625 0.3515625 0.1375
0 0.059375 0.85703125 0.11875 0.1921875
0 0.08515625 0.60546875 0.1703125 0.1234375
0 0.8453125 0.80234375 0.2515625 0.140625
0 0.746875 0.68046875 0.178125 0.078125
0 0.5359375 0.67109375 0.1921875 0.090625
0 0.2671875 0.57734375 0.1828125 0.06875
0 0.07890625 0.51640625 0.1546875 0.065625
0 0.4453125 0.503125 0.19375 0.09375
0 0.49609375 0.54609375 0.1328125 0.0453125
0 0.57578125 0.57421875 0.0890625 0.0390625
0 0.58125 0.6171875 0.1171875 0.04375
0 0.68671875 0.62734375 0.121875 0.05
0 0.8265625 0.6359375 0.2203125 0.0796875
0 0.72109375 0.5578125 0.1390625 0.0546875
0 0.8640625 0.59453125 0.1 0.0359375
0 0.2359375 0.4890625 0.084375 0.0390625
0 0.3265625 0.48046875 0.065625 0.0296875
0 0.62734375 0.50859375 0.08125 0.0453125
0 0.76171875 0.50546875 0.1328125 0.0703125
0 0.91640625 0.92734375 0.075 0.0671875