0 0.25 0.7078125 0.346875 0.1078125
0 0.07265625 0.89765625 0.1453125 0.1796875
0 0.08828125 0.6421875 0.1765625 0.109375
0 0.8703125 0.77109375 0.24375 0.1203125
0 0.76171875 0.65859375 0.1734375 0.0640625
0 0.55078125 0.6671875 0.1875 0.075
0 0.27421875 0.59765625 0.1796875 0.053125
0 0.08203125 0.55234375 0.1515625 0.053125
0 0.44609375 0.5078125 0.1890625 0.078125
0 0.5 0.54609375 0.13125 0.034375
0 0.58203125 0.5671875 0.0875 0.03125
0 0.590625 0.609375 0.115625 0.034375
0 0.696875 0.6109375 0.11875 0.0390625
0 0.83671875 0.60703125 0.2171875 0.0609375
0 0.725 0.53828125 0.1359375 0.04375
0 0.87109375 0.5625 0.0984375 0.028125
0 0.2359375 0.51171875 0.0828125 0.03125
0 0.32578125 0.4953125 0.0640625 0.025
0 0.62734375 0.49765625 0.0796875 0.0390625
0 0.7609375 0.4828125 0.1296875 0.059375
0 0.95234375 0.88984375 0.0703125 0.0625