0 0.47109375 0.446875 0.2796875 0.2125
0 0.41953125 0.6734375 0.2203125 0.18125
0 0.66875 0.81875 0.1765625 0.1703125
0 0.64921875 0.63828125 0.2296875 0.1703125
0 0.88671875 0.78984375 0.2265625 0.2609375
0 0.5125 0.87265625 0.1421875 0.15
0 0.36953125 0.80078125 0.15625 0.109375
0 0.23359375 0.50390625 0.0984375 0.09375
0 0.4171875 0.30625 0.1109375 0.1078125
0 0.571875 0.2484375 0.115625 0.1078125
0 0.5421875 0.0453125 0.178125 0.090625
0 0.76171875 0.04453125 0.2109375 0.0890625
0 0.78515625 0.134375 0.2625 0.1765625
0 0.1875 0.3640625 0.2 0.1640625
0 0.10234375 0.22109375 0.128125 0.1015625
0 0.10546875 0.76953125 0.1703125 0.3109375
0 0.81484375 0.4796875 0.1484375 0.1671875
0 0.9359375 0.6125 0.1109375 0.1125
0 0.3625 0.04765625 0.190625 0.0953125