0 0.50078125 0.43984375 0.271875 0.19375
0 0.34609375 0.6125 0.2125 0.16875
0 0.49296875 0.86015625 0.1671875 0.1609375
0 0.56328125 0.69296875 0.225 0.15625
0 0.71484375 0.9140625 0.2546875 0.171875
0 0.33046875 0.83203125 0.134375 0.14375
0 0.240625 0.69921875 0.153125 0.1
0 0.26484375 0.37421875 0.09375 0.0890625
0 0.52109375 0.290625 0.10625 0.103125
0 0.684375 0.31484375 0.1109375 0.1015625
0 0.7703125 0.1 0.1734375 0.134375
0 0.90703125 0.09296875 0.0703125 0.046875
0 0.93359375 0.1921875 0.1328125 0.1625
0 0.8984375 0.31796875 0.203125 0.1578125
0 0.2921875 0.2296875 0.19375 0.1515625
0 0.14140625 0.0515625 0.1265625 0.103125
0 0.2875 0.06328125 0.125 0.09375
0 0.0484375 0.54375 0.096875 0.309375
0 0.78515625 0.63515625 0.1390625 0.1609375
0 0.8265625 0.81015625 0.1046875 0.10625
0 0.6 0.03984375 0.190625 0.0796875