0 0.46953125 0.44765625 0.28125 0.21875
0 0.42578125 0.67578125 0.221875 0.1859375
0 0.6796875 0.8125 0.1796875 0.1734375
0 0.65390625 0.6328125 0.23125 0.1765625
0 0.890625 0.775 0.21875 0.265625
0 0.52578125 0.871875 0.1453125 0.1515625
0 0.38046875 0.8046875 0.15625 0.1140625
0 0.23359375 0.51328125 0.1 0.096875
0 0.41015625 0.309375 0.1125 0.1109375
0 0.56328125 0.24609375 0.1171875 0.109375
0 0.52578125 0.04609375 0.1796875 0.0921875
0 0.74453125 0.04140625 0.2140625 0.0828125
0 0.77265625 0.12421875 0.2625 0.1828125
0 0.1828125 0.37578125 0.203125 0.16875
0 0.09296875 0.23515625 0.1296875 0.1046875
0 0.11484375 0.7828125 0.1796875 0.3109375
0 0.8140625 0.46875 0.1515625 0.1703125
0 0.9390625 0.59765625 0.1125 0.1140625
0 0.346875 0.0515625 0.190625 0.103125